45.479384890554684
46.820370682156046
50.37852154195267
50.81280269547505
47.61920140135795
43.84564363547047
40.09615370138248
38.52410162170023
40.253439712847445
41.00457574934171
39.97854515745803
38.28455376049563
35.0
35.0
35.0
35.0
35.142399314725935
35.990698709565095
34.53386699274709
37.63237897471398
38.53349216649326
39.0
39.0
40.09020283795985
41.405419850097246
42.53639815492472
42.674509272721004
43.78316505799451
45.795174411239714
45.22305685599624
44.55904552380946
44.0
44.0
41.49481539671464
39.75489138107145
41.77065068213824
43.27552824986588
42.29280195149506
41.468254950385436
42.05999306699323
43.0
43.15186956241822
42.95894263841636
42.514782425212616
42.09611676977579
42.056108035898475
42.56771602543678
41.36751773538681
38.959501126460964
38.00283938952998
37.541625903229466
36.91526200813425
36.48224208001402
37.67039999994495
43.8435999999499
44.375204000038096
44.8328115199848
45.66621440001108
46.69505407997677
47.42454768002427
47.55296256000295
43.94719999999984
43.39911296003407
42.83884576001994
40.138900959974116
47.16400480001577
48.16657600004208
48.81692799999126
49.1981766400244
46.95222799997774
46.95222799997774
47.673210560008684
41.74203392003806
46.35879999999702
48.28440831997273
48.694019840012544
50.670224960009854
49.53921200004197
41.713664320025075
42.30786015998744
43.21981183998229
44.82200000000444
44.48680000000127
43.95750784000337
43.48525120000469
45.09228096000445
45.10333296000415
45.10333296000415
46.803200000013476
47.29274816004997
47.865123199993874
46.69500799998887
46.14510080000255
45.52600000004668
43.93839999996226
42.751599999976406
42.73720000001276
42.72639999998887
44.69299392000797
48.90876575999171
43.05009311999588
43.01584128000033
43.084215039989374
42.007199999996146
42.37800000000334
43.806399999996074
40.56391551993052
39.04726719997624
38.02464111999955
38.125396480009975
38.48559999998247
40.03000000007296
42.34279999998421
44.71798912000643
43.1243263999681
44.09958655999508
48.8524000000084
48.7479999999905
48.35199999999281
47.75760000006903
45.11445359996109
42.41565600001285
43.37600479998677
44.35745120001078
44.35745120001078
45.548603839989774
47.02019199997137
46.18234240000007
44.55284320000025
45.73765727995796
45.89400959998851
48.43560000000434
43.67600000001994
42.0
42.0
41.979242400000274
42.785999999995056
41.30767360004182
42.803994559945096
42.245780479986706
41.886478079983796
42.921999999994114
43.75987888000668
46.58882591999257
48.72243936002562
48.96377472003686
48.296000000018466
47.733524480056516
47.57235200000698
48.43292800001105
47.27079999999523
46.319242880000296
46.941600000002836
46.7991168000105
46.33440000002929
46.09679999996433
43.837467999993116
43.75794687998929
44.07337120000588
45.28707007999581
46.36912799999674
46.59800639999159
45.152569280030754
44.32286144005376
42.302428480047666
45.44000000000483
45.59839999998849
45.88573680000754
45.83453904000828
45.80717472001004
46.113599999984444
46.570800000006784
47.25878847998983
48.068020799986456
48.0
48.0
48.0
46.71072896003114
45.0607568000113
43.87726080000443
42.87135872003295
42.62720000009085
43.51131072008127
45.037097279986305
45.064307519979614
45.95206816000181
46.0
45.98299136000557
45.98299136000557
45.39400000003343
44.384669440047
44.49237856007007
44.951199999913115
47.982211840069716
48.2315276800061
48.22959999997647
48.841600000017024
50.886400000021695
51.25360000001547
52.642177599985494
52.61559999999395
52.51120000000151
51.70166591997887
53.33032911999866
53.82480000003261
49.88159999999971
47.97440000000506
48.40527199995898
49.21992640000326
50.679203199978126
50.99791744002341
51.00280479999169
51.43280000000868
50.55888960004922
49.94421264003804
49.248230400036114
48.65612384000848
48.27249920000334
47.93440160000391
47.60711023998331
47.32230560002472
47.19765632004525
46.63899104000014
45.94504640001239
45.222183200018726
45.05902463999581
45.10409807998441
45.043197600010174
45.13447167998764
44.06993599999381
44.06164015999415
43.99211296000084
44.066175200003755
44.0
44.0
44.0
44.0
44.0
44.0
44.059448319989045
44.15303679999554
44.32076511998401
44.53483839998473
44.72950048000581
44.909727999988725
44.9938527999993
45.400071039945246
46.07109951997292
46.452399999970034
46.57457359999761
46.68533840000249
46.88757919999652
46.99188560000158
47.32279999999355
47.59262719999062
47.82537439998874
47.89806335999663
47.922494399991955
47.97195120000008
47.98449600000091
47.863893119987395
47.80291199998299
47.66738736001207
47.31751199998838
47.14472639999408
46.965599999989536
46.83600000000979
46.731599999991886
46.48679999999604
46.23840000000928
45.993599999987964
45.914400000008754
45.8315999999877
45.66599999999653
45.50040000000536
45.352799999994204
45.20159999999237
45.05400000000691
45.0
45.0
45.0
45.0
45.0
45.0
45.1699999999978
45.67564799998906
46.09880000000612
46.556000000002996
46.90880000000743
47.23746320000139
47.41648399998795
47.44195039999905
47.419771519979676
47.15720000000351
46.914943999992026
46.62800000000948
46.52720000000818
46.17439999997805
46.055600000022196
45.998128640023175
45.96666752004767
45.284895999928786
45.23408640001493
45.3676564799845
45.37705247999482
45.36561519999635
45.636399999999185
45.769599999995535
46.01770335999873
46.10277280000103
46.13828400000011
46.281425760041685
46.577134400001114
46.98627583996845
47.21042336001314
47.244470720013815
47.25411583999972
47.27000000001294
47.338399999993726
47.435600000004115
47.565200000009554
47.71640000001139
47.871200000004364
48.05120000001034
48.24199999998905
48.44000000002643
48.65240000000176
48.882800000008274
49.195999999984906
49.527199999992945
49.63879999999244
49.85229824000575
49.94167040000454
50.07303296000549
50.17529600001305
50.19020288000036
50.24809088000384
50.29040000000805
50.32639999999378
50.373200000003635
50.42360000000417
50.47759999999562
50.53879999999481
50.560399999991205
50.60720000000106
50.67919999999822
50.761999999993805
50.85920000000442
50.96000000000549
50.956131839996935
50.90729280000691
50.776304640007545
50.86811616000118
51.0524000000039
51.10639999996988
51.19346335999904
51.01260416000311
48.29662047994157
49.26597376004148
47.95903919999559
46.98960000003581
46.64119999999798
46.20560000002342
46.059015359992664
46.442231040022605
47.00362495999797
47.24695616000168
48.02408384002288
49.05080000000703
50.00138752000472
50.600441919975424
51.32735104003733
52.18018816003543
52.01354223997248
51.77008000001845
51.40864000004102
50.93919999995933
50.298400000067886
49.67559999997775
49.067200000055664
48.40980159995656
47.747309439957064
47.58072448006029
47.09347455997574
46.5632067199404
45.60215600003824
44.49035071994895
44.20649072000999
43.26216463995164
42.757253119975395
43.33439999998632
43.80600000002346
44.014768320000584
43.956844160006
43.956844160006
43.8974643199964
43.89281023999127
44.051971999996496
44.65240000001904
45.29679999997825
45.94479999997884
46.609751039944314
47.11092864004024
47.55707136004224
47.84122079997324
48.078874080029095
48.28561920002549
48.46933728001772
48.604080960001674
48.72398399997977
48.78680000001805
48.80119999998169
48.85160000000792
48.89839999999208
48.93799999999442
49.000665599999635
48.6813433600186
48.24834975998823
47.38622319999218
46.68067455996882
46.37650336003066
46.42040000001043
46.697600000026796
47.17920000003414
47.89920000000711
48.59760000003416
49.28879999997707
49.97279999999
50.71880000000988
51.510799999979554
52.30640000004314
52.68480000002319
52.80720000002111
52.911599999962164
53.026799999978266
52.58279999999877
52.37040000002344
51.99960000001306
51.53519999998343
51.17208319996661
50.41640000000075
49.76593152000261
46.420742399975495
46.00124320000398
46.0
46.0
49.83985664001109
48.549200000024484
46.77760000002081
45.60840000002008
45.62999999999124
48.46400000000699
45.649036800041046
45.646750080021334
46.03624768005455
46.2014675199924
46.931363200022126
47.74044160003751
48.01608095996271
48.27410591999187
48.52845312005813
48.83560800004704
49.09159999996609
49.24639999998453
49.46003231999295
49.67833488002265
50.38636239997669
51.20650719995583
51.828399999970316
52.27479999999446
52.37919999998667
52.84980159999498
52.79366607999458
52.31454927999816
51.743762559980055
52.04233167999636
52.709199999978864
53.01159999995684
52.73837952003293
51.99218239998023
51.821922560017526
50.7113024000215
50.47884319996315
49.72520000001373
49.47320000001059
49.01561407996969
49.18691471999837
49.29789695999239
49.31378879998404
49.26119999999446
49.3152000000116
49.788567039976506
50.26732959997256
50.64743776000805
50.9152000000031
51.19461343997989
51.50153935998577
51.76856000000549
51.98644352002312
52.18101055997443
52.273107200011324
52.26526208000452
52.235811200036245
52.19575040001592
52.14921535993762
52.43705632006538
53.0140052799704
54.14275648001198
54.318571840008076
55.20920000000001
55.43960000000652
55.65559999999846
55.581200000010085
55.53080000000932
54.37452064001658
52.438130879984364
51.30275999998283
50.48879999999008
50.17843839999917
51.42440000001716
52.55119999999397
53.207600000006096
53.36239999999907
53.69300864001685
52.990832960012625
52.74520000000325
52.914399999985335
52.97882111996698
52.97468544002954
53.0563967999915
53.16152831993836
53.60566943992481
54.03247104001492
54.48912383997237
54.8186649599789
54.49623039998415
54.119676479991675
53.71603871998976
53.26079999998683
52.84320000001799
52.425599999997985
52.022399999992786
51.77600000000757
51.477199999994355
51.17840000000706
51.211999999982254
51.773599999996804
52.159199999973225
52.50050880000217
52.156302720031825
51.61000000005083
51.210399999985384
49.46021311999541
47.57840000005626
45.78239999996117
44.85281535998653
44.22249088001293
43.59550975999012
43.620833600022955
43.82919999999558
44.38849599998531
44.814200320029826
45.17649135999063
45.47876175998163
45.68295808001109
45.81542080000082
45.9775833600114
45.686576640025876
44.4432000000088
43.42800000001398
44.118000000049506
44.24400000003834
44.73268143997798
44.145237759959656
43.20339376004989
43.41200959998374
43.43290400000129
43.161413119967094
43.24063744000171
43.38847360000276
43.993976320000165
43.116530879990925
42.93206399998175
43.82017519995195
45.11178239998687
45.147335999993096
44.93613119999221
46.035619999992036
47.573239039964164
44.00499839999617
45.77795392001296
46.266079360021095
46.749553599989525
46.99039359999326
46.747200000023895
46.56303808001426
46.2827219199867
45.56480000000829
43.92072703996313
44.63999999997168
45.44999999994752
46.045954879965116
46.529463040009325
46.4233091200203
46.01508928000173
45.99334911998747
45.596800000031635
45.79140879999014
45.03296799997127
45.62467840000406
45.87040000004072
45.56080000000384
45.337599999953454
45.20079999999189
45.00639999997111
44.90560000002097
44.90560000002097
44.90560000002097
44.90560000002097
45.00639999997111
45.20079999999189
45.337599999953454
45.56080000000384
45.87040000004072
45.62467840000406
45.03296799997127
43.87119999999595
46.86068735998587
48.215599999990445
46.86534032001484
46.55729408001447
46.30697600000895
46.08409855999664
46.15919999998732
46.443600000010974
46.724399999992784
46.99954815999749
46.91211712000715
46.64015871998602
46.513629759945545
46.43834080003007
46.30960000000823
46.126000000011345
48.494800000004034
45.93923199998876
47.7480000000171
46.225600000012946
47.01229743999165
47.7328000000077
48.4332000000079
48.90479999999411
49.36560000000691
49.70840000001181
49.92439999997805
50.13320000001363
50.33480000001623
50.5867999999939
50.644120639990426
49.26398399992816
46.65252671999236
45.18495360001242
43.401566080021716
42.90160000002061
43.348000000019056
43.93520000003991
44.6407081600381
44.69951199995695
45.165265599979286
45.365200000003824
45.45159999999032
45.53439999998591
45.60999999999967
45.44240000002992
45.251599999999826
45.04639999998085
44.81240000000889
44.567600000013044
44.30480000001148
44.04199999998423
43.97359999997798
43.78969183999676
43.5517260799981
43.3474649600131
43.27902176000286
43.206604160014116
43.00399999999627
42.74840000000222
42.530400000003965
42.685200000022405
42.789600000014616
42.91560000000345
42.99839999999904
44.16661759997799
45.518455040012554
45.79868287997406
43.63908352002342
43.25199999999404
44.0
43.31800000000817
42.10274879999831
41.39849952000661
41.26126320000753
40.22239999997532
39.40600000002223
39.428106560010676
39.0
38.8847596800086
38.88915456000074
39.54000000001997
39.29508800000891
38.33120383996804
37.99032992000976
37.707488000017115
40.69810208002439
41.30838911996679
38.12080000004198
37.58461439999393
38.75911151998639
40.11479999999847
39.91679999998655
39.77040000001216
40.02654335998886
39.41683007999129
41.630387199955535
43.741529599973184
43.7442079999946
40.61120000002393
40.31959999999276
37.49799999998754
37.773987199998835
38.52673279999857
39.0
39.0
39.0
39.0
39.0
42.22594943998131
44.591600000021344
45.200661759992094
45.64608399997443
49.05547007999601
41.11161248000988
40.734372799993025
41.06020479999853
41.74585216004053
42.153999999974076
42.287199999995664
42.27200000000812
42.20719999996709
42.191185600017505
42.35733152001621
42.61567744000081
35.90074960002473
35.90074960002473
35.96954847998947
39.974270719979685
40.83545695999853
40.0
41.724800000018604
43.58798239995034
44.5034272000023
44.481015039994716
40.45583487998783
38.0
42.46601888002101
37.95719999997732
33.92280000005667
36.76776000000453
38.203357919990985
39.354800000003934
41.993292000015735
39.32788560002364
39.391600000015615
42.75920000001793
46.956320000026295
46.02495936001405
46.12287375999325
48.7911475200063
49.59221951998695
49.827430880010276
51.00407040000221
51.0695961599915
48.00159999993957
47.65600000004497
48.63480000003278
49.78992879999338
50.80189312001969
51.613599999995586
51.79777408001114
51.07740688001411
50.41198143999157
48.692958400005516
47.96113632006075
45.79387392002637
45.3821102400448
44.12940671998515
44.07888000003862
43.306800000000294
43.414800000034575
43.43548159998897
49.38479999996957
49.06799999997634
48.78000000001293
44.819199999997636
44.58159999998361
44.03773935999205
43.60892895999828
42.790800000014315
42.48182016002064
42.16417487998908
41.82969600000104
41.42652479999788
41.4588856000064
41.52459136000266
42.00038320000514
42.767424640017204
43.706800000040175
44.63199999998119
45.57160000003864
46.81629952000496
47.546051199981115
48.00104240000494
47.409574399966644
41.834400000015194
41.100052800024585
39.60745599999007
39.14640000000827
39.0
39.0
39.0
39.0
39.764800000005835
41.42292352004418
44.096399999970345
43.85263680002004
43.41359615998629
43.692241920011185
43.73005632001131
43.67759999997975
43.43639999997504
43.285199999998895
43.11600000001681
42.94319999999243
42.774000000010574
42.5940000000046
42.42120000003138
41.96400000000881
41.53199999997423
40.93611552001235
40.19251104004532
39.4155215999791
38.334652639954406
37.545437599986755
36.73718144000127
35.92518271997025
34.991215999998474
33.16479999996045
32.50239999999576
31.975549119993627
32.03589296001403
32.77300880004367
33.2665889599526
31.06206240005912
34.174968639959964
34.569973599978496
34.569973599978496
36.76335999999218
36.492725920020504
37.401099999982065
36.47647616001534
34.37702911997137
35.853990399960765
39.4171999999794
38.87977760003804
37.841868799971024
36.383057599964594
38.547136959991015
35.39952799996864
35.20721759990501
34.381399039950075
34.76306752013207
35.37068543978713
36.58381776005385
34.660131200123196
36.23694399994453
34.969350719898756
35.08180095990182
30.835627199941396
33.44910784007149
34.239007840011354
34.382773120139255
31.39790080003379
31.813525120030118
32.45719360009393
33.38859999997058
34.94661199999003
36.562162399896174
37.77355519999133
38.67117919998453
39.009138239999665
38.77176192007077
38.39886528000354
37.99025759994457
37.46928864005254
34.764541439979574
36.67020031999419
42.324330240017595
42.66352224001627
44.53920000003063
43.574400000006335
41.133600000028764
38.97725055995147
40.41031904002775
41.0625728000489
41.70053600002469
42.28335871998594
42.82879999998431
43.609395199997714
44.52482048006673
45.55936831994487
46.688097920007394
47.26856639998807
44.767641599995976
44.567100000017525
44.30085551994351
44.004360960058385
43.88280000001441
44.139609599991154
44.42074367999468
44.67224831999495
44.90570832004316
45.411679679941074
45.88526976005341
46.28617728004599
46.69215360006217
47.10732288008004
47.681437760006446
48.34331648003103
48.97643263998473
49.645589120065495
50.32024063997404
50.488399999971534
50.46680000002607
50.456000000053336
47.598362559858224
46.49677120003434
45.394946560012684
44.268152319914186
41.352431999913485
40.37800128000905
40.94168767999734
41.73197791996808
44.07806480002405
46.70069952006321
37.330876160062104
41.801999999963755
45.1332000000034
46.337004480011956
45.920699999989026
41.504191199996754
44.244760960003624
53.55097520006589
52.39528959995011
53.176729600034676
51.94039999987922
48.36791936015473
46.6413651201362
47.02631680003908
47.95119999997375
48.257868160044865
48.080187039973005
47.06599999987793
44.347999999884905
43.8487233600145
43.98158783985491
44.28240000003302
44.45519999995463
45.06719999989332
46.24602367995402
49.06628960004548
49.69472319987233
50.10594975995876
52.705000000119
55.41983231998905
55.78295423998049
56.57290560004374
56.24750735995062
56.913483360036174
57.386800000093444
56.796399999853975
53.8969751999918
50.364732800064175
50.43462464000838
51.06560000009267
53.22319999995216
53.16559999994411
53.10440000007293
52.924399999913476
53.84456719990004
55.58901919991425
56.70320000001175
55.471999999948366
52.49080000000936
51.21886480006635
51.66819840006124
50.78407440005137
50.234715199978965
49.950675200007296
49.7655833599906
48.75685567999282
47.77040000000716
50.6924985599552
52.18407375997486
53.77434560000114
54.76234688003483
54.92400000001862
55.14719999999238
55.21303679999658
54.45686975998739
50.300474880027565
48.205375794687164
50.13327005809251
53.896113564180155
57.83679126852638
59.194006512450144
55.46756249777203
53.006036980210595
54.6254975202783
58.749504261103084
62.33114411396285
62.265505945859516
58.85421277828792
57.660131799637995
60.064108590531845
61.36911345914106
58.80651351577162
61.355747005199596
66.46993824121168
68.74397738041782
74.18092306750864
78.06416137098076
76.32439585653556
73.4017717253114
71.5883022179843
72.41421532031944
72.96269608336664
72.18283563023648
72.90771503350201
75.35536003713946
78.60655888734237
80.73064389985387
80.67116613523854
80.7402435410684
81.87598460435895
83.17808682598046
83.1582037089602
81.61434680893525
83.63940515767297
91.9441995505235
96.9784166092204
98.2862209546297
98.72150575396788
98.92730738156774
93.25676809296465
92.09171491718455
93.5529740293046
94.70646511159853
95.64372843503143
95.04890860923501
96.01397594792843
99.43306946692412
102.25217201597712
102.51403805965639
101.63658217461746
102.16501760000526
101.89799999998058
100.96259199998946
101.49840000001745
101.54987904001412
100.15033727996953
96.36595103999451
97.49120000003586
98.97760127993577
99.85847520001634
100.87941936000584
99.25585968005886
99.28574880000158
98.96143231999008
98.62242463998828
98.22295632003996
98.35230000005343
102.76799999989998
105.1874560000148
108.08372384005372
108.3541414400068
109.28400000002966
110.1130156800467
112.47217919998943
114.0323999999539
114.79199999995467
116.40480000005232
117.16080000006195
117.41999999991913
117.39400000001729
117.06493951996362
116.76183103993925
116.43487615995952
116.95039999998994
119.6999296000049
121.03187200001483
121.59034815998302
121.60367680001744
121.19482912004207
121.65119999994977
122.89160000003608
126.21519999995553
129.01959999999644
130.4063999999662
134.45002368002403
135.0049536000478
135.12319999999227
134.36720000000832
133.11439999999948
133.1408000000356
135.21861120003933
136.12146240004282
137.1875635199939
138.06113279999448
138.89659487994024
137.9469128000545
137.57820223996987
137.4211572799956
137.9620000000018
138.7683999999865
137.20839999997315
136.92089247999797
137.6871481600176
139.43051871999862
139.8184008000014
139.77590783998468
139.77352608001675
137.42631888003262
137.00168880000885
136.4711999999845
137.0
137.0
136.98744800000114
136.98966128000228
137.06314735999587
137.3577728000122
137.64390656002672
138.46889984002482
139.26677504004184
140.1108742399717
143.26422127994758
146.82826880007076
148.06610144006777
151.9144660800536
152.28180864001845
152.330546879975
152.45772480000494
151.98255200002328
151.0273942399725
148.28383279994102
144.29690047996414
146.57080000001088
149.5588000000389
152.223602559975
153.8695999999668
154.64719999999852
155.25723904000355
155.26827520001592
155.26827520001592
155.72380335996397
157.89159039996542
161.2082355198919
166.21960192006532
169.48400000001493
169.8223999999791
169.62534655999823
169.40547200000398
172.1911839999721
175.15120367994373
175.72989215998385
175.51120000001902
177.457199999993
179.0771999999697
175.98168127996303
174.61280000000443
174.14839999997457
173.3807999999649
177.3911999999409
189.59519999997747
187.04838912000054
186.92560000002686
191.98240000003238
191.25399999998785
191.37639999998578
191.01639999997406
190.4300820799977
190.71983167997132
194.6795999999331
196.4059180799121
198.0489048001435
200.58987264001587
202.53630399995566
204.68258944001698
205.98237951998772
206.7253964799706
208.42151776002163
210.8025308799193
213.08793903988885
216.19679999999562
217.39560000003848
220.25760000002606
221.28360000004477
222.22506432004178
222.7976595200205
223.0072000000555
223.86967648003255
223.92719872002374
223.43718399996618
221.0024000000558
220.05199999992283
219.6056000000267
219.41646079993276
219.57290239991264
222.3524940800071
224.83683040001085
228.31239999996387
228.33084735998762
228.31155855999103
230.3600115199535
226.59024639989153
224.59950928014757
219.06146175988698
216.71800000000871
211.55997424015203
206.40845632008092
203.0492127999237
200.6845094401116
197.90547072003218
194.98447488003853
195.0047587200322
195.03878271998252
195.4479040000324
198.34479999996154
200.65012000008787
199.98647744000795
203.53718400004567
203.3256364799465
202.5608294400089
201.98472575998397
201.44637791997707
202.21957599990387
207.34119999992095
207.47439999991707
207.87352128002766
208.14872832005358
208.95458687991174
204.76577375995828
201.8590747200215
200.4272015999899
199.30800000001136
199.2216000000251
198.0795544000232
197.11955647994583
196.38506144002392
196.13326879999107
195.481360640025
194.61769760004228
194.3115391999657
193.17376640000577
191.61401600005283
188.94454399995846
187.47240320005773
186.114916800124
185.8430937598501
185.13153504004694
184.4976211199518
183.7345996798339
182.09103551990836
180.46001600016305
179.2508889600468
177.6296563199618
175.79477088002494
175.41538656002683
175.73748864009033
175.75903104009691
176.60644159999433
175.53573823988933
173.90315839987122
171.68896639997212
169.17628160011907
166.6463542401235
165.90799999991668
166.07360000001017
166.21389567996604
165.86238015998794
164.4959177599938
162.79304000002182
161.05520000002707
159.04639999995675
156.627200000029
155.5228063999985
154.96083199999723
154.35595280000172
153.77644208000982
153.35146495994985
152.73678080000155
153.0399838400525
153.46179584004938
154.3734195200407
155.37132799998494
155.4220592000288
154.03355807994302
151.81184832001045
144.41628800001388
141.81274560007716
141.81274560007716
129.72320000002787
126.98772479995428
125.61839999999002
124.97652863998317
125.07227967999087
124.43444543999193
123.39091200000018
110.95207616001585
106.87655359993803
103.51039999991417
97.19579600006071
91.83152799998166
92.86160000000268
92.81799680006641
92.56607151997237
91.1546252800233
91.1189552000096
92.02404751999958
84.49317248009878
73.07368383999103
66.26067200000145
61.014485600048246
61.3971999999801
58.90310272003616
58.56934112000302
56.22490719999167
55.279133920029736
53.869887999975994
52.491200000017216
53.50360000002888
54.37879999998336
54.39679999998907
55.83520000002363
54.93519999999398
54.726400000060494
53.94880000002877
53.020032480023275
52.84180223998174
52.818163199977775
53.13040000002047
53.22760000000494
54.05915776002012
54.3342697599877
54.56899839999676
54.75597375997251
54.875994879977135
54.95994112001091
55.02839999999878
53.31067584004309
55.52160000002323
55.52160000002323
59.0
55.600812640002275
56.0671782399869
57.7267999999749
53.22559999998748
58.6647219200137
60.690126719992165
61.20811343997965
59.80189151994698
57.509947199953416
56.220588480036014
55.35709407992873
53.610699519936354
50.47296399999862
48.664703999933586
47.456039679940474
45.9279999999726
45.19359999998596
44.34399999998186
42.47959999999284
42.1628000000253
41.6611865599669
40.8782040000395
41.660191679984266
43.563964159952384
45.111978560047646
46.76342335998768
47.226492799996684
45.30880000002617
41.4383158400477
44.447752959895595
44.447752959895595
44.55620607998221
42.426234880011734
42.92119296003844
43.8959951999783
44.89835616000953
44.84188511999314
44.93763359999681
44.920855040010395
43.83711103999922
44.35089280002306
45.0
49.456226240031725
49.381053439993316
49.612170880009224
49.45959999996762
48.46903167998799
47.801286400089936
46.25553503995382
45.98892480008996
46.45413120008333
52.13971840000873
52.22480000002588
50.30240000007052
48.50981887996373
47.876129600001384
45.63483680006596
43.150010240013664
41.192832000068535
39.820834559996754
39.54979200000514
41.219798399952396
42.392019200003375
45.36697471995674
49.07110623993008
54.009425920031426
53.704630399966966
51.51359999993656
48.31439999991391
47.177433600019604
44.874388799996574
43.130679360026164
44.285030399980926
49.49760000003539
49.81253311999691
46.177468799994074
45.94695999992268
46.51045600002503
46.71705088003294
46.81096336001399
46.65204800000642
46.20919999998364
45.05562111994608
45.49563903997249
47.40843136003817
51.20291840002518
53.03595152001932
52.327112960065335
50.99964800001314
50.729199999942466
50.27777151999495
50.139741759992916
49.25197200001981
47.75305600001272
46.45751391999662
45.420400000008385
46.14101695995943
49.568890880026
49.57579839994017
46.819131520042504
45.198214239944214
42.627062399994855
41.45608319996827
39.67379888002981
43.38851360004749
45.38416639998312
46.44639999991955
45.11440000005973
44.85880000003999
41.3099999999788
41.82560000000353
42.45080000000917
42.551600000010694
42.68480000000682
42.926000000011754
43.16879999999128
43.255199999977776
43.29840000002196
45.35261440001697
46.14639999994688
46.931199999960654
47.93444911999671
48.27254239997898
48.965600000024324
48.43530495995849
48.80127807996305
48.43239999997877
43.53197568001187
42.127419519983725
43.743200000027855
50.154524800003976
50.01672400000094
50.01672400000094
50.75054976001514
52.50399999997252
53.01733695995316
53.671999999954096
53.93758720000707
53.7731219199846
53.689020160003984
53.684527360000374
53.61253887996032
52.92247936005068
52.13278464003506
51.351866880074965
50.83241280002121
50.551820159961714
50.27280000001474
49.995600000075
49.79462399995478
55.79150975997713
55.84303008001882
57.15209472003393
56.685724799916734
55.873599999966245
54.455199999991464
52.97920000003455
50.77000000013277
48.505600000043614
46.385200000024724
44.23959999999374
43.779318080031125
43.57227199996505
43.48810399999458
43.53628639999351
44.70901087997758
44.903050880013936
46.90568911997105
47.024000000038995
47.48839999994084
48.29437359999007
48.81026800005315
49.11520191993941
49.1139879999932
49.240280320001055
49.33853584004459
49.46878240001922
49.70546799999803
49.953899680045225
50.181014400015194
50.46364608001793
50.850096000043195
51.30932927996264
53.659999999979846
53.71759999998767
53.77519999999549
54.00549248003192
54.67694143995933
55.34673824004338
55.91407520001341
56.04311936000459
56.13980672000319
56.29320703999932
56.26033664001088
56.24457440000951
56.0870038399837
55.82839999999726
55.451742079963715
54.63880000006907
53.72080000000801
52.756000000065114
51.93479295998994
51.86020960000841
58.308801919977874
58.69931407997391
59.03936000000515
59.32709216000558
59.58816703998869
59.868344000004775
60.22642304001776
60.54522816000617
60.57911567998967
60.55203935999378
60.4357686399928
60.340244800007724
59.894233600025004
59.33370783995627
58.48015936000784
57.24863679992028
55.95730096000148
56.00120000001607
56.75368192000251
57.367677439953205
58.24140896001305
58.90159999997968
59.32639999998173
59.68639999999323
59.98660927999047
60.06697600002813
60.34310319997691
60.67890399999174
61.08411711998677
61.48653231998794
61.921376639983954
62.17680000003884
61.971599999942555
61.849199999945085
61.62959999998793
59.66793663999364
58.755546879957215
50.8872000000365
51.83040000003393
60.26742960006196
61.67976431996923
62.6546184000037
63.55293183998385
64.1224000000155
64.32486111991017
64.37393279999219
64.68849087994623
65.03777151999677
65.30865280002872
70.79079999994065
71.93200000002616
72.91119999995931
73.95235040008987
75.05832224007347
75.99520208010262
76.97946368008277
77.9823142400139
78.9571308799607
79.78626992007142
80.4283328000039
80.94283903995768
81.41976128003931
81.84816415998473
82.27983872001475
82.66812320004033
82.9820230400405
83.25523135995437
83.51562799997444
83.78916319999078
84.06506000002148
84.30869936001122
84.54324799999279
84.76442192000432
84.96858367999964
85.14555519998966
85.31067279999739
85.47443967999834
85.6408864000037
85.77303808001594
85.90053712001327
86.01994623998016
86.00510223998522
85.9194604800288
85.78992383991708
85.51920000000518
88.67480640004105
89.02152960004011
85.0055999999829
83.60536879999671
82.82179999996492
83.55953951998107
83.94742080002634
84.35144736000586
84.77822735997746
85.38617664005622
86.04511632003764
86.75979839996631
87.53547599990912
88.20090560012599
88.07436703994352
87.99295759998999
87.92341279997933
87.999862400045
88.08271999995243
88.2137599999589
88.37742319998674
90.34224639996313
90.74690080008504
91.13429248005912
93.18505648007049
93.86723344006705
94.22955039997028
94.60601968006058
95.33480800002228
96.0378553600678
96.69592960011305
97.29943360007942
97.763963200145
98.1061734398904
98.22642784005143
98.3116211200176
98.3282991999073
98.3227724798987
98.31809536008613
98.29292415986068
98.12559999998348
97.9564000000014
97.7296000001138
97.53520000014396
94.97051136007764
94.51519999994389
94.23943840009056
94.21592319980692
94.18712320002304
94.19025663985411
94.26400000010153
94.5484000000481
94.83279999989281
95.14959999991197
95.46640000003299
95.84799999988854
96.25276336012797
95.98143999986331
95.70369567994204
95.3435430401799
94.97056000001837
94.64431360012081
94.41562048007687
94.27304319989294
94.18240384003259
94.13466496009379
94.00246143992042
93.89893696005058
94.03043200017949
94.39138816003957
94.76962000014018
95.12684223996285
101.40189695994002
101.15396352002726
98.79839456011372
99.65039999992268
100.42800000010811
101.20559999998659
101.94719999995596
102.57979680008562
103.18599360006262
103.82653440005126
104.49564479996934
105.18704640002356
105.78799999996659
106.2344000000162
106.61600000002477
107.02640000001179
107.3431999999541
107.64919999997414
107.96240000000194
108.28119999995943
108.78520000004323
109.26760000000081
112.52239999990525
110.78000000000702
110.15359999990005
110.06916224004088
110.58003648011628
111.60999999996375
110.98719999997593
110.47605759986298
110.11440191991325
108.23000000018328
101.36040000008552
101.09663855998696
101.26880432000752
101.44207807998589
101.63856896004366
101.80131056004363
101.62720000004902
101.39679999999112
101.15199999996958
100.9215999999376
100.62639999994099
101.26505791992948
102.00385856002974
102.72062720000804
103.39368320008636
103.5871255998961
103.10993376002445
105.065807999972
104.27935296001687
104.58225552005382
104.90240000001722
105.59600000002092
103.6065408000298
107.36311840000887
104.61308671991962
97.28529119991748
93.68723760001173
93.50879999999961
93.50879999999961
95.4599999999657
100.44619872001431
99.18999999992707
100.31199999992577
104.06295296000842
105.03361599995561
105.84252480001456
106.17679919999257
106.67190000001125
107.1389567999956
107.1108000000022
107.09279999999649
107.02080000002479
110.03248639997787
113.17800000009679
111.0503999999014
110.72999999994295
110.19423440001232
111.91943071983151
113.74721280014657
113.88095424003815
114.87239280006568
115.52626800007283
114.55355903983192
105.2495353601392
106.15002559997797
94.0181632000065
93.39102592005307
95.3942095999723
95.39744352003257
95.30626560001502
95.32027104000545
95.44056720001363
95.04790015998597
94.46401040003438
93.83191520001783
93.1801625599577
92.5076603200009
91.82071647998512
91.23547455995592
90.67469104002565
90.08928351994254
89.4849040000049
88.90115535996217
88.30439631999207
87.67487151996302
87.3992556799915
87.33085136001876
87.36796208001182
87.38310943999865
87.53811967998874
73.9871519999626
85.39400672023326
94.06621296000935
94.68551520001101
95.34344543998641
96.04424015998421
96.83924159999506
97.53363119994658
98.28024960003434
99.01115391996996
99.3833420799857
99.82302592006145
100.6064767999507
100.75054880000673
100.94544127999663
101.19425600001111
101.46285631994249
101.76878144010486
101.64046015994029
101.48612095995368
101.3359116801498
101.29451456017192
101.3664051198196
101.47822975983219
101.28734720015552
100.49805279984948
100.16473088017547
106.40836799996092
106.47068256008183
100.7041535999346
99.0826492801083
97.078552320071
95.16574272026017
93.8866713599489
93.29306303994615
91.43248799998896
90.16792447997098
89.99757103996583
89.84704639996039
89.7581004799121
89.75024384012771
89.80440224001957
89.90520896011186
83.38167199999172
84.90523711989707
87.53306239996323
87.52906783999583
87.51868544003659
87.49626176000194
87.44022271998998
87.51199999986693
87.64159999989806
87.8467999999425
88.34851280007064
89.62181120017884
90.65259200011856
91.63049600006745
92.54375840005524
93.56905999994014
94.52414720000729
95.40940160004195
96.52603520001676
97.64319584003422
98.78247199992406
100.00125056004931
101.25041023999148
101.37615359999421
101.0926060800313
100.79211552000847
100.69137024007158
100.45497408002265
100.15728143999844
99.82561920004454
99.13578495987228
98.53247679996308
97.92182464008371
97.31780799990759
96.64941040009353
95.96294080006062
95.28673552002874
95.4735999999657
95.6140000000205
95.75439999994705
95.89840000006984
96.15040000004751
96.52908447993507
97.44114735990567
98.42966639991018
99.37254960008597
100.17803519992057
100.70546400010299
101.14670880020857
101.52164543988764
102.58571904018493
103.64515296014073
104.76349151999257
105.87387263990814
105.95760000002974
105.97919999997521
106.10879999995495
106.30320000007805
106.45440000000326
106.07505216011289
104.90210880008398
103.77307391991064
102.82003007995033
101.9114822400105
100.95942607985754
100.74926800016253
101.87473600004576
102.87160479998983
103.66186959990958
104.3536383999914
104.96259999999099
105.45854319998416
105.77328655998421
106.0358086400121
106.15320320001568
106.30336640000408
106.99313216001352
105.71875327999757
105.39126560001272
105.04532864001223
104.6737308799631
104.69472576000913
104.58295872002991
104.35580160005263
103.92525888005154
103.34739839990483
102.47821183990874
102.09119599990234
101.87420959992623
101.54422495988155
101.1236960001837
100.53490736010372
99.70103359997053
98.05320000009647
93.89693440008794
95.70630336007909
96.84103056012587
97.97882639984631
98.61623039993266
98.5631750399285
98.62745088001445
98.79518272002078
98.90266912004242
98.46115360000809
98.01647296003229
97.57511872004878
97.16332335993799
96.77279999998791
96.39840000001254
96.2533983999816
96.01608352001618
95.6731619199991
95.40458176002723
95.35671264004021
95.54039040005411
96.6818911999365
100.32052863996942
104.32764927994742
104.75663679995418
103.00537600004968
101.13059968000533
99.5789599998505
98.28198799996692
96.86230640006828
95.29913600005851
94.91355392000152
94.52188544001932
94.108928000079
92.48050831999171
90.68527616007884
89.03615503999929
87.86168960000144
87.24701984006278
86.76764816004224
86.20977200007047
85.59030991992566
85.12055311991529
87.89568063992584
89.03369632003955
89.39073855998286
89.77581904004472
89.80958992001887
90.18498208002555
90.54907904000359
90.23264767998975
89.9148339200465
89.63383088000242
89.38121456005125
89.12411840002872
89.1490729599949
89.24786560003092
89.34284799999277
89.46615088000421
89.5849364799929
89.70426496000913
89.77802751998512
89.84438271999294
89.90318079999068
89.95404592000217
89.99030368000139
89.87655776000419
89.70862495999668
89.65760000007413
89.74040000006971
89.7583999999224
88.40832672003607
88.58000639997158
88.68355391994842
88.71506687997643
88.65959999996903
88.51559999997471
88.450800000036
88.35720000004221
88.1951999999651
88.02240000001757
87.52360000003569
85.35541120004257
90.67959999997174
89.27671167993694
87.32880127996468
86.84560000004421
86.69440000001669
88.00849519999736
91.29360000001543
88.69000416001967
87.36198911998578
88.27159439996612
88.77967679999207
88.83240000003775
88.26359999993815
87.6660000000661
87.0899999999865
86.33759999999234
85.64319999996883
85.07800000001521
84.48759999999629
83.90800000005243
83.73880000001986
83.33559999996419
82.8603999999873
83.37160000000495
83.9080000000074
84.4696000000472
85.07529343996833
85.72932416005705
86.1646174399832
86.53839999999445
86.8839999999409
87.44559999995545
88.02880000001778
88.60480000004645
89.81886079999764
89.21695104002512
89.22039999996923
89.52517183999718
89.24774575998107
89.69329600003164
90.55880000000002
92.28680000003669
95.2664024000101
92.6691443199965
93.77321535997575
96.36162208000889
97.29693472002658
100.16559743996031
108.32655999998947
109.06400703996603
109.30470879999767
109.46295039999312
109.54491232000802
109.54397631999947
109.35640416002352
109.43971839997056
110.11690863994771
110.97661887992734
111.99673504006134
113.23668735996084
114.34281679990825
114.49275392007006
114.54433040009727
114.52099520010988
114.45438079995333
114.5977632000335
114.86712959989521
115.07771375992608
115.26100992009643
115.3803238400933
115.62293504008454
115.93920512002099
116.24769919997705
116.6080649600237
117.17631200015424
117.30976255986549
117.68939552004484
118.1071999998735
118.4852000000958
118.82360000005997
119.07920000013019
119.83400000003621
119.68280000005984
119.53160000008347
119.3804000001071
119.17879999989987
118.68600127997672
118.26503888004193
117.9203792001153
117.81906943995725
119.78254400011717
121.45803584012756
123.21864031998075
124.71351583975023
125.99098880013243
127.19904799973605
128.12915839987957
128.5849011200487
128.8174121602387
128.95594016022724
129.4479363198451
129.75693439987256
130.0770175998222
130.65627775986053
131.25021440015763
131.79811712005557
135.67680000002656
136.2562611200448
136.75521536004916
138.6113292799762
141.98479999991423
145.90511743977586
145.71635647992753
145.51415168000932
145.36556959985623
145.17080000000146
145.08439999996267
145.20680000001403
145.42999999975518
145.42999999975518
145.4768000000986
145.8199260799625
146.0858478399284
146.42698528015532
146.77016320000493
147.17082879974146
147.46176208005406
147.79024624009134
148.20754240003896
148.90412800002
149.7330092801004
150.6997523201555
151.84915456016245
152.51416960015752
152.8567168000891
153.1101870398519
153.2311470398498
153.20267824000115
152.91600000004928
152.44800000007922
152.02326976009817
151.7854566399817
151.75819455989418
151.85965120004053
152.10150400016
152.66071359996698
153.2013184001172
153.81833968008766
154.36063359984635
155.0069315199149
156.00960063991982
156.31320160001772
156.8425369599619
157.55052159995373
158.48639487999898
159.5286687998825
160.25845359985286
161.0642560000206
161.99519999991753
164.24920000000157
166.25800000004574
168.983322239939
169.97759999999516
169.7796000000085
169.88568767996526
170.46158975998316
170.6483404800252
171.15522624003904
171.46939200003723
172.6670515199607
175.352399999952
177.48774112000802
178.4524799999951
178.74865344005292
178.826972159972
178.74230304004936
178.4417497599621
179.59041312003745
181.4512224000336
183.37938960006622
185.67775503989768
188.19532111990424
190.2316073600167
191.61330751993242
192.25967168003717
193.30233855992725
194.68044160005408
195.50249200007116
195.84960000015053
195.64079999996648
195.58134399983825
196.7512000001816
198.7168000001302
199.44311551999525
199.6397311999754
199.1787699199716
198.89677440002257
198.57169039995628
197.32743520008452
195.44240000000218
196.22326448000268
198.90183424000693
199.56120640005554
198.41409280006982
202.2010921599555
203.9384
204.36009215997447
204.24613919998865
203.8555999999378
203.92400000002226
204.204759359963
204.90448128004297
205.97892768005298
207.05004144010357
207.61624223997111
208.0736024000443
208.5498320000728
209.15116799997696
211.2089790399841
212.3881504000233
214.1944081600408
215.77791999999423
215.2894943999936
214.21471839996408
214.88341408000738
215.70890240006491
217.47023264006214
217.71648560006335
218.88601087996932
219.39083024002454
220.29060847992864
220.66941440006192
224.69432239984255
227.9331840000112
229.77479999998422
230.80080000002818
230.84408192001678
230.31879999999273
228.39279999999485
228.23439999998504
227.6475999999834
227.44691680001458
231.4295919998878
238.76190079997696
242.4793651199554
244.18571375999048
244.16360000001987
243.895999999997
244.20853568007857
242.31523808010812
237.25760000015498
234.2984000000538
233.44378159997373
232.72726208000756
232.50061183998955
232.5169622400244
233.59784640002965
234.70800000000145
235.6970240000448
235.73735552003836
236.15367232000204
236.98359807996363
238.89692672002667
240.60839999997506
241.5200855999949
241.88694576000907
242.04158111999138
242.12971487999363
242.2318511999915
245.5966256000448
246.87852224009737
247.64160000018637
248.47680000012406
248.6352000001325
249.00799999981518
250.6063999999733
251.0075334400556
250.79398143999063
252.22799999994686
253.02720000007776
257.23079999987795
259.97399999990967
260.78160000002663
261.24600000008127
261.70880000001944
261.45679999999084
261.2983999999815
261.16160000001946
261.0824000000148
261.046223680003
261.06100959999986
261.1069571199918
261.20010640001135
261.31081216000865
261.4337593599879
261.5430265599954
261.5864281599974
261.766090239982
262.255324479991
262.85455168003097
265.3848281599132
266.9624230399262
268.76166271999205
269.2111328000108
268.8148134399656
268.1897612800114
267.4171897599468
266.8792720000457
266.4909471999894
263.1576000000423
262.5060000000251
262.40479999999593
261.1292000000383
260.1572000000399
259.0699999999183
256.9542508799561
248.9941268799351
246.92840800005814
246.040215999976
245.71607199993642
244.5169696000189
243.26302720004165
242.1143276801016
241.35470336004948
240.36089599996794
239.24732672000334
239.7546476799598
240.83079999999381
231.3949119998943
230.28881920008206
223.17654720000402
222.1936000000319
216.94040000005407
213.83719999990808
210.4789039998716
207.0036556799973
205.28173248001346
203.78859647996578
202.78961088000426
202.49094207999588
202.68970239981502
201.60460480007296
199.94865375984213
198.5522447997987
197.09690304013458
195.58262783993587
194.04507807993926
192.38725503999044
189.2567334400801
187.36339551995982
185.652142399931
184.3242751999867
183.29642688002133
182.62467840000684
182.29324223997892
182.23177440002914
182.14355567995912
181.44983200001076
180.6268950400628
180.5969976000224
180.5969976000224
180.30691200002906
178.9137798400451
185.08400000003803
185.89040000004888
186.2817708799684
186.07110463999263
185.97223424001444
185.65146880001248
185.42931999998694
186.12625600001752
188.1772839999404
190.12118176001601
191.09215359999547
191.93477824000652
190.0254655999947
187.48608752013666
186.11853823989958
185.41155008003437
184.7757641600658
184.15141183999663
183.03004159992997
181.95754976001615
181.35089215997607
180.75343616000447
180.00600383996027
179.04857088000784
178.08717215994565
177.13227647996365
177.00682080002647
176.0299999999595
175.34240000000727
175.2271999999914
174.62959999996542
174.2880012799906
174.52264064000158
174.8796000000052
175.32600000000366
175.7688000000112
174.94200000003366
164.3559999999975
163.0544000000225
163.20839999996474
164.3820000000453
165.5520000000074
166.06479999998078
165.7659999999678
165.4779999999787
165.31618272000512
165.31148544001945
165.4335643200697
165.93022847998708
167.23393535998318
168.53147903990666
169.45312800007272
170.00398080005806
170.13420720000602
170.1651340799804
170.178526080064
170.22594239996775
170.3410127999638
172.9901846090333
172.9856379541541
170.93295369925954
172.2518697258747
177.7971543010944
179.66171619419833
178.7230351960004
176.0953457992141
172.25875843004332
170.68648570096062
173.09507484542905
173.3602083163239
174.01252163076595
174.06701232218063
173.24226258181764
173.00667935671487
173.77575338365952
174.77369345005917
175.75309800694413
176.75636302309636
177.3714838671682
179.40227742412688
180.034907336071
178.39765689344205
179.16009977891045
181.736499668508
182.57741543557998
182.09049593206265
180.09285633880594
178.6213656281778
182.94825992154085
187.42283956605888
186.7100723843407
185.39907712452685
189.0458937065623
193.49106705263418
195.95333379895567
195.30101348221737
192.6947558255082
191.82638064394996
190.70439145024378
187.22206588954887
186.0553693688096
184.31708224258878
182.37291117606617
179.49578043606542
174.78791969624672
171.3806698072449
169.24812759140875
168.11882317131736
165.6059787442886
162.3530165532543
158.67867067679506
159.81711788420398
161.7975038534048
162.09843929837984
162.1827009173496
160.91246419525564
157.6622944954098
157.50931968001365
156.6803635200502
154.1564809600675
155.30071040000627
155.76473599999505
153.6626719999562
153.54500063996323
151.59517440004427
151.1897294400104
148.1299638400383
147.4313913599681
146.45022720003843
145.54578048012146
145.01734975993116
144.89833808001433
144.81543295996525
144.7636764800848
144.75683935994172
144.78081247999324
144.85165183988886
145.0458992000718
145.37784800011698
145.91766799996037
146.45097919996348
146.48744287997272
146.346937760046
146.40881455991595
146.61979184004883
146.86529855999706
146.6267424000225
146.49102239999567
146.2366944002129
144.43804080000638
142.5292243199947
140.53507711999157
138.80595968013205
136.94675263991581
135.20858176005538
134.73626752001243
134.2409795199635
133.79199999994853
133.4895999999453
133.1440000000498
132.88479999993615
132.35274303997392
131.85676959997335
131.44111792004546
131.14519360000324
130.94913472000943
130.89042448003934
130.95699999997126
131.19311680000973
131.65635904011904
132.40519999996445
132.89206576000092
133.01115231995573
133.01218480002353
133.13988560002394
133.25507840002288
133.30435520002968
133.30053056000605
133.08999680003728
132.76891136003277
132.48722287999865
132.37081616001768
131.90677471998364
131.3831864000271
130.78593632001508
130.12572943997765
129.2535718399903
128.28958975999515
126.48860511996675
124.60809760006707
122.6159886401048
120.64674399997271
117.3311843200803
115.62311408001547
114.32769728000471
113.65160000002334
113.00720000000092
113.65519999997673
114.07639999998764
114.48680000002582
114.87559999996506
114.90800000003674
116.31281503999226
110.8924262400062
111.03086784003509
111.15327936004901
111.1883678399666
111.15258240002429
111.05296319994
110.72050559999816
110.09246399993754
109.38277439997103
108.67719743994978
107.82282623999312
106.6325855999632
105.53677439989752
104.3998281599781
103.45752000002317
102.86782848004368
102.41781503999505
101.8662921599072
100.06652672011464
98.71658720016399
97.64735552013782
96.88633280018233
96.58918303991624
96.56351359989652
96.61219423998753
96.77535775988954
97.12184832008973
97.52641535998139
96.758374399836
94.49119999982213
92.11895935987806
92.09798144000793
91.95741439995571
91.71718639989442
91.2545921600483
90.85377248013184
90.26579455996979
89.6424185598908
89.25317792016634
88.64988415981217
87.87291056014543
86.88928831999479
86.26846399999991
85.48147360006467
84.9811945600088
84.41580159984574
84.01578560004253
77.17995375999185
74.9116131199871
75.73882719982429
75.50147200004149
74.69440000012497
73.34938240012971
72.62430207991694
71.8520531202272
71.22912640019337
70.66413376001438
69.92784160006268
69.18804159990863
68.50143519981269
67.77442480006125
62.992796320015806
64.453608639845
65.30778495995789
66.16536256010886
66.81334095981401
67.87963360008324
69.11081199982034
70.42772799986419
71.37043263994208
72.39155391978306
72.94885695979234
73.0327686402836
72.87290560011141
71.60392000030703
71.60392000030703
71.84319999979107
75.06880000024194
75.940800000124
75.99839999997857
76.14142368002238
76.59351168016845
77.309998079778
78.20676960003226
79.29359231981327
80.10607936002917
80.33159200008475
80.63577471991269
81.02027343999336
81.43867551990039
82.3238824000194
82.78350592009505
83.75503104000005
84.77425007989761
86.5132127999735
86.85068688002436
88.08143904007262
89.43783696009322
90.34344143999812
91.2233548801142
92.08937519997485
92.27959999996642
91.94120000000271
91.67120000001887
91.52359999993132
91.46292992002914
91.55348224002088
94.35400000004569
96.21683584000708
97.0894801599268
98.49015807992164
100.0339590400679
101.50360000007686
103.86880000008887
107.00692000006029
109.98811456008578
113.17078064001115
115.94534528001266
117.59261408001282
117.85005871999203
117.50390000001502
117.30712543999435
117.23420671998898
117.5131999999926
117.96684575999403
117.87735552000524
117.92582880000035
118.7604659199737
120.80329023996532
123.05737407997563
125.04657407999159
127.09402080005827
128.89767359998677
128.18399999998792
127.6583999999848
127.12559999999985
126.67021759999768
126.57847231998689
125.96880608001601
125.28776671999867
124.6511300800062
124.00605759998824
123.3724000000102
122.95840000003227
122.71360000001096
122.45799999999099
122.86838528007745
124.19049536001066
125.53386992001964
126.95350400002856
128.4258636799415
130.03408959997222
131.5842409599961
133.14572799994178
134.48283135995615
135.5875935999451
135.82479999999987
135.2711999999717
134.70240000000103
134.2452000000044
133.65728000004137
133.36649216001615
133.31990240001252
133.58214880004195
134.1186553599961
134.4246899199925
134.6871529600228
134.9319040000028
135.41640447997662
136.02558207996438
136.7570185600205
137.39907999999906
138.0868168000277
138.8289222399689
139.4340640000361
139.99682751998697
140.59135744006508
141.44412543999408
141.59440832002676
141.75772159999718
141.86192864000313
141.88387711999258
141.88692703999234
141.88896031998738
141.8909935999896
141.96974720000424
142.38297184001834
143.0690310399979
143.73191200000906
144.37816815998718
145.12720000001923
146.2215999999928
147.33760000001485
148.36016512004755
148.92309568000647
149.5051163200523
150.1107760000185
151.06483391998069
151.0721745447953
152.72786658327888
152.28848518699806
153.73189431921645
155.8565409285984
158.83657834588826
162.1450791949758
165.59760562939482
168.6131042728415
171.52711502480904
172.43968492614613
172.46597139140908
174.41897032828302
176.30168108758008
176.34909609957433
177.8631172785422
180.19440335229774
182.60489208535435
185.63104641067847
184.74827355874794
177.26740548756027
169.75471152727278
162.74338508702206
154.64116790155327
151.67009585913743
151.57914554155226
158.94668543995635
158.713854719976
157.55103743996696
156.71055359998476
155.81024975996792
154.8436000000031
153.4252000000031
153.13003200001117
152.7860231999933
152.5221417600067
152.82323487999275
153.0
153.0
153.0
152.87122368000442
152.50893120000052
152.49949440000256
152.88414431998558
153.6040777599901
154.39696480004102
155.17217007997746
155.9504742400537
155.69614304002363
155.2930452800225
155.0179721599286
154.85057983994307
154.72639424001272
154.71762176006519
154.8308057599752
155.12321792008905
155.56592719999261
156.0165561599267
156.41120000007186
156.59480000001759
156.90800000009767
156.3380000001614
155.79840000007584
155.66207040014947
155.8868601600857
156.05605439986365
156.4466112000391
158.15488016009436
158.3728975999306
160.908884480025
163.09986559995426
163.97872640000156
165.36477888003483
166.55401216000504
167.5836928000529
168.0583076799576
168.0676950400617
167.8171839999354
167.2939571199306
166.6439680000108
166.28159999997456
167.13839999998504
169.01038592000043
170.7977024000362
172.22672960003052
172.95554239999896
174.8942876800501
177.12973503995394
178.82730816000668
180.28597055996593
181.56240000005187
183.02696751988995
184.06629840004598
184.2607992000118
183.85831808005995
182.82110047995857
181.38440000000514
179.7464000000482
178.0939999999223
176.4416000000017
175.9445017599677
175.54739008001303
175.10206719997072
174.85141791999808
174.74410623999754
174.47999887993126
173.147781440068
171.9378396799725
171.9335999999928
171.9876000000611
171.09359999996218
170.13240000000906
167.25198528000485
163.90387519979586
160.23860287982126
157.8133534400503
156.73416703998095
156.14360000002353
156.4675999999979
156.72653440000067
156.8845804799798
156.78725376001344
156.42966144000576
156.12959999995792
155.76960000004829
155.3015999999502
154.35107199997148
152.7272387200565
151.20287200005123
149.88626016000018
150.03525455999673
151.77280000004953
153.12177359993763
153.642800000104
153.8695999999925
154.49120000004177
154.4983999999722
154.87520000000063
154.932799999983
154.99039999999104
155.4842220799357
156.29345024005278
156.79880000007415
158.36129407994247
160.1433119999855
159.95869552000417
159.41800000001308
159.14524223999592
160.08311487999617
160.17611871999028
159.97599999999784
159.31359999998222
158.8414118400556
159.15040000003
159.48520000000326
160.68660864000748
161.1765441600074
161.50668288006835
161.71827936002202
161.71827936002202
161.50668288006835
161.1765441600074
160.68660864000748
159.48520000000326
159.57879999999727
160.09358928003294
160.45996415998593
161.20237184005953
161.98988480003197
162.355627520037
162.31295167996558
162.19145312002004
161.60319999999047
161.00560000001587
160.33596207998943
159.40766464004054
158.2045388800103
157.86964543999883
158.16279200000378
158.71008128004033
159.3919999998809
160.2703999999908
161.00840000004587
161.7725169599129
162.9423974399386
163.61411808001685
164.15240303995608
164.64836784007187
165.1252943999863
165.53873711996263
165.8850960000209
166.1201601599936
166.31651280000793
166.46199887999717
166.3980000000288
166.26479999998128
166.110000000014
165.90479999994386
165.6743999999626
165.20931535997045
164.21723599999882
163.24404799995602
162.28820480000488
161.51341552000838
161.1433470399827
160.78854399997326
160.44706239999235
160.11717855999981
159.91536687999846
159.75695103999269
159.6084179199963
159.4882988800025
159.29935232000898
159.18094400001667
159.20191904005142
159.59393952003677
161.13467904004273
163.02594176005593
165.92966144009304
167.74755583986388
169.21310720012835
170.4255999998927
170.45991679980372
170.5441366398495
170.73223520003984
170.87272192011096
171.05910400011646
171.3423707199862
171.6431025601437
171.9107423999984
172.30381919990597
172.77819839992526
172.6106246400428
171.91956288001836
171.41042495989475
171.0496646400348
170.85495359999504
171.1614000001915
171.5325096002115
171.92629167998834
172.40341119982025
172.72806496005836
172.71938608001835
172.71938608001835
172.79155599992603
172.68285615990126
172.53486463992175
171.87637279989332
171.1123088001486
169.83253760000787
168.80747183988018
167.62479200000868
166.50972799992107
166.0696712000824
165.64443919985425
165.62080000019546
165.68560000003185
165.71799999995005
165.71799999995005
165.71799999995005
165.68560000003185
165.55599999989863
165.33179680001973
165.25765120006523
165.19739008011763
165.24219135989583
165.29286912017017
164.7835584000417
164.3954496000995
164.08491071992614
163.82608512003395
163.67657999982075
164.41743072011516
165.42794495985163
167.04401519993564
168.66613247974615
169.3267209598128
169.59126047984708
169.81799999994186
170.04753888002952
169.7429497602209
169.22982879995868
168.65410527992344
167.60642607996974
167.53457919998195
167.46182608015502
167.3000579198884
166.89819568016463
166.72609408015012
166.73321343997813
166.5690655999767
166.0530862398968
165.66562112009598
165.6150598401035
165.2926928000165
164.9324350401211
164.39996800006583
163.8274355199287
163.27945792005698
158.83964416005787
159.42840000004708
160.37401728002595
163.3804000000007
162.4539625598705
161.7026304000196
161.83279999999763
161.83279999999763
161.83279999999763
160.34885504000843
160.36683200003566
160.819696640037
161.42060896004244
162.68327872007868
155.5673171199251
165.79655615996478
164.01081503994854
158.53957760009948
162.7853827199745
162.7853827199745
167.4887279999895
168.06480000000738
165.79803200000765
165.2188361599842
164.29218624002763
164.97040000005995
164.11720000006517
162.45025216000613
163.19599999997672
163.17439999997987
163.15279999998347
163.13119999998707
163.12400000000525
163.11680000002343
163.1383913600464
163.41810271999597
163.71713023996318
163.92595039994754
164.0286900799823
164.26867616001587
164.48919552001934
164.66911488001335
164.7586324799918
164.85426144000692
164.93333472001274
165.05008559998691
165.0564176000143
164.99000000000524
164.9396000000047
164.9504000000029
164.9612000000011
164.97559999999044
164.99720000001253
164.95999999998526
164.9312000000068
164.90240000000267
164.88439999999696
164.85559999996735
164.81600000001617
164.96000000001072
165.10400000000527
165.27679999997827
165.4783504000394
165.7475468799646
166.48230112003898
167.26583680001116
168.05961519997925
168.86143744004738
169.36012096002636
169.77582591997802
170.1644876800235
170.33646912002098
170.18886912002446
170.07163583999682
170.00144159999988
170.13858175999445
170.26535935999175
170.4141200000083
170.55222799999953
170.73460400001773
170.9439584000047
170.81527935999486
170.54635071999533
170.2709420799902
170.27957983997698
170.34137599999838
170.39999551996874
170.51000000001932
170.74040000000036
171.19399999995494
171.86248960004173
172.95381376003823
173.78077695992758
174.33272991999388
174.81254367993864
175.0199440000208
175.22350527995923
175.4392000000289
175.68399999997337
175.899999999991
176.1088000000268
176.28160000005073
176.43040000005226
176.53119999995124
176.5600000000834
176.51760000004742
176.18279999997185
175.83719999992354
175.3728000000217
174.89759999999364
174.4480000000567
174.0984000000326
173.849999999969
173.60520000002452
173.39750400001947
173.31165231998457
173.25851199999198
173.19376240003695
173.10640000001285
172.98400000001493
172.87599999998065
172.5736000000279
172.4295999999822
172.27119999997285
172.28918880004403
173.0425651199063
173.75601311992264
174.39473808005832
175.7304000001409
177.37200000011535
178.85520000005408
179.20526688006547
178.80990047989332
178.19895167988443
177.23782656008785
175.8508000001343
174.09400000001665
172.62394080000973
172.12303104001361
171.84489072003723
171.53329199997225
173.86025744004945
174.38738527993058
173.83945792003504
174.1987264000138
179.23194640002575
181.6508492799842
183.47320000002674
184.73559999995655
186.23176415995516
189.20167808003524
185.0652031999419
184.74488063991384
183.3487999999661
185.656399999928
183.80083200007178
189.7199244800147
199.29950592002385
201.5978608000054
203.0373817600149
213.37897599993119
213.21711712003832
219.56422527996247
229.65680800009577
239.72149119986486
242.8857420799604
248.57791168010377
248.30754272010665
247.8209118401039
244.7204795200082
250.2580000000396
252.3471999999756
252.01366944004116
255.0295232000609
255.67905535996908
253.76653056006631
253.40803679992234
256.76289984011856
254.13593599995622
259.2003182399767
261.7423608000168
258.52645840017396
257.0051913600102
254.48960000000397
257.46253024007206
256.4887488000199
246.21521791998586
251.69035520000025
251.77091455998325
251.32702224003276
250.2847105600195
249.4221567999418
248.7397177600501
251.4835926400728
250.8031072000539
251.69825920000716
252.2231449601022
252.72323199995932
249.8069452799594
242.1742659199272
250.04342399996935
250.34436864002922
248.73919999997815
255.95824079998775
250.11932479996696
251.29239136001732
251.75585536002708
251.91487487996525
250.62026816004158
246.5069980800848
243.34323583997863
236.92958464002118
234.0364000000086
230.83536992001734
230.81888767999502
230.1208959999922
229.93283200003012
229.33437951999755
228.28844272002888
227.0991769599937
226.04930799996407
226.59897759995806
226.94530912000582
226.85617152003536
226.03935936008074
226.61399999991818
226.69681599995735
225.0110439999954
223.77733888001765
224.62700512006748
225.4953208000115
226.59646848003075
227.750791200018
228.59231360006223
228.71254207990282
228.73862480002268
229.37360000002627
230.49120000004586
230.83679999999185
232.7024851200352
234.9905132800021
235.6693792000084
236.3145884799871
237.0185120000182
237.59482448000102
238.13284592000426
238.08549760001753
237.48699519998664
235.76377135999874
239.4556000000009
240.19046623997974
238.77294960000876
238.48319999998603
237.71279999993567
237.50557599997467
238.22719999999958
238.69880000001103
239.64919999999051
240.69040000000723
237.34116736001198
236.1986404800101
235.49800000003688
234.5188000000021
238.0360982399385
242.20504271999556
242.88559999998324
242.27462527999208
240.255376640078
234.32560000003377
232.05391184001144
231.99301855987798
231.88143648000545
231.57938207993638
230.8247999999212
230.64230879992348
231.02931888014953
231.20887104002665
231.84762623994698
231.96240000014313
231.4439999999172
228.53280000010955
227.37359999991577
227.37359999991577
221.9765532799267
218.9742659198911
216.01707472004125
214.14785279989664
211.81651712013397
208.83414079999676
205.08393919996243
204.05154815993808
197.04811935995767
195.9180951999846
194.80422495999593
195.9035238400193
197.49571551998687
197.722570240014
197.94486016000246
196.85374992000973
193.82955839998468
190.82211120001588
188.65159920000693
188.15593823998333
186.8234940799784
186.3309017599878
184.77837055999558
183.40374944000695
182.4744000000237
184.64800000000923
186.12701439995058
189.7906911999656
189.82929664001253
189.7524135999906
189.80006176001174
189.84620800000295
189.61160000003656
188.13920000001917
186.6139084800183
183.54527167996298
182.3591999999951
181.6355999999803
181.32793487998788
183.95079359997206
186.55275808003407
188.63922447992232
189.49419712004203
192.5488000000114
194.42595104002
195.0861737600215
195.47014400000765
195.64810127999277
195.75350271999497
195.37223680004502
194.31043263998097
192.3425305599915
190.26520000000846
188.5150608000108
187.58199999999397
187.27744128000185
187.44719999997142
187.9583999999852
188.4551999999842
188.92689152000034
188.16199999999208
188.7883999999965
188.9826028799957
189.22869567997333
190.0348326399982
190.38759999998774
190.06360000001268
189.5091999999545
189.06280000000697
188.8368407999975
188.84779200000946
190.41630096001992
189.99245279999647
187.3559999999461
185.54159999997387
184.6344000000172
185.83245823996054
186.91839536000626
188.20988527995758
189.10012927997656
189.82820479998782
190.2766639999625
191.07139711998207
191.40642655993983
191.25108992000764
191.90988272001815
193.07123551999413
193.18023295995746
193.79839999995238
194.37439999993148
193.96903231991294
190.63120416000706
188.42280000000574
189.3423999999859
184.49736479998296
183.8566559999932
184.46434752000198
184.56199968000678
186.18848879997367
186.58500000004182
185.8357996800833
185.8287385600445
186.67040703993462
188.1630553600246
186.9236249600408
184.99827359999807
184.93213439999178
183.93993664001627
183.8171075199904
183.60019248002013
182.50943999998742
181.75240000000758
181.06119999998737
178.85873776000628
175.81526208000736
175.90970880002877
175.76339039999863
175.71756671995556
176.65559999996162
178.83359999998606
180.3315180799878
180.98949439999896
181.04340656005138
181.1393959999961
181.23025135997568
181.30694719996308
181.07373439997866
180.59359999999697
180.22280000001228
180.18680000000086
179.85200000000214
179.0492000000081
179.00778800000788
178.96221311996106
178.74109472007075
177.4703407999405
177.02566016004062
176.72650879997872
177.2532000000274
177.53199680000415
177.4232278399968
177.28986367999732
177.08240000002093
176.98150080000278
176.71040000000653
177.60320000002935
179.0611999999553
180.37880000003042
180.8083055999862
181.55511904003785
180.22445280001102
179.79839999998512
177.86987072001637
175.3917271999761
173.41279999997482
172.23200000001475
170.8484000000101
171.01400000000126
171.37760000000412
171.3026431999945
171.25658911997695
171.1975879999801
170.89825791997637
170.58544383999038
170.26228479998028
169.99132991999875
169.89179424000258
169.85816880000945
169.91192543999753
169.9383999999875
169.58737695998477
169.2894927999991
168.66105568000273
168.75577024000376
169.08822400001094
169.77520000003324
170.00920000003111
170.65455775997287
170.7651353599951
170.330196320014
169.8230427199917
169.2299999999991
168.74399999999832
172.35128448005827
174.18800960003938
176.61751999996028
178.52302880007332
178.53155072004634
178.37393408002097
178.68615999999648
178.4798454400057
177.862928480066
177.20938400006463
176.7545830400233
176.28783871999732
175.51420479992956
173.43959999992512
171.35197055994098
175.34755328005795
179.1452566399709
183.12836287995523
182.55962560000168
185.61650656000242
185.14963648000227
184.1374878399987
184.4679999999869
182.32960000001412
181.39080000005288
181.23240000004353
182.2907164799948
179.13874816002235
179.78679999991778
180.5316183999429
180.9845631999504
181.91920000007303
182.03439999993566
178.0213248000484
180.14128400005254
179.31090560005546
174.7542691200486
174.17464320000443
173.63085311997884
173.10849679984608
172.68294080004364
171.52720000017803
165.2301740800162
164.30762079987016
162.16560128004508
160.8973587201067
159.4827584000629
156.40715456000882
160.53856000001258
162.8625702399759
163.80358400002595
163.4091219200059
161.47718143995417
161.85971999993993
164.2203263999492
165.88482784002798
166.10725888000258
165.3879155199679
164.23687599999684
163.0436000000375
161.7871999999354
160.71221792014344
160.1051391999618
159.73656608008608
159.39073424014194
160.93200000000482
159.54862207997195
158.66020975998583
158.6502492800051
158.2279999999855
158.29999999995744
157.82914800000782
156.0633734400148
156.02717040002966
156.02717040002966
155.95962864001427
157.2428000000059
161.41719999999214
162.62679999998227
162.28739967999132
161.7898451199971
161.28142847993055
160.69600000010178
162.1863999999464
162.61315840010477
161.94859263983963
161.10559999995712
160.27040000012175
158.7286815999844
157.32400000000052
155.61967936010626
154.21351503995302
152.53639999995949
152.11159999995743
151.32185760004916
153.01067520012876
154.6277000000176
154.26777343992023
151.70550944011782
145.36731264005638
142.285162560061
145.67985664001063
145.87548671998888
144.12269600000678
144.3669990400316
145.5620751999653
145.796475520035
146.1278630399797
144.71699839995748
145.09177184009434
145.5263910399979
145.91159680000266
145.98714496005024
146.91280000003917
147.01555839996325
146.8547737600086
146.96280255999707
145.11588400004285
143.84605312006465
142.0011414400046
139.85345920001333
138.81407775995848
138.6499753600121
138.67273152002818
140.04512640001852
140.69319999999243
140.57659312003312
138.75357440001733
137.2427681599988
137.3421439999744
137.33279999999058
139.66879999999924
139.1983811200045
139.0
139.0
139.0
139.0
136.684800000015
134.65440000002536
133.0487999999864
132.92287631999184
132.88496111998407
134.420402079967
137.19827007996463
138.4792048000989
139.6240249600161
140.04320000002917
140.1079999999422
138.86499199997607
138.3217087999772
137.58299199999013
139.18855040001105
140.7736591999798
140.50364351995478
140.21408256002175
139.6436129600772
139.17354528004066
139.1794463999046
139.11512015997488
140.05255679988014
140.48650880001213
136.58625791994837
136.14180239996855
135.89684544003842
136.4592428800565
136.89942496007114
137.73435775998206
138.54515839989583
139.18990111989382
141.1393807998851
143.97639999988792
145.05999999993583
145.36599999998157
145.21919999998863
144.96719999990864
144.08486911998418
140.21867743994628
140.53218703989052
141.82171520011462
142.33760928006544
140.90926464007615
139.71625776006317
139.23884159996493
137.99491712000005
137.86193407999053
137.96079999998665
136.74399999998923
135.0060332800147
133.96732431997484
133.2960000000196
133.05119999999806
132.8603999999939
131.58480000000782
129.23120000001632
137.23359104000482
136.1342604800152
131.88154543997064
129.60880000001225
130.19567295999863
130.21970080001515
134.70853120000598
137.21746400003894
139.31616511992746
142.24997504000817
147.34217600016706
149.58405248000324
149.5231999999769
153.87879999993015
155.90185024014303
160.20338080011544
160.77155455993358
156.71434239995588
157.93359999991526
161.6807440000594
162.5463892800181
163.03119999991668
160.15280000004168
159.52847344003615
159.09120000002622
157.95906816001934
154.23120000005474
150.6277612800118
152.85819360006082
155.90600000002632
157.54723584004034
157.42622399997433
156.3897055999995
154.42719999997462
153.27443744001368
152.55814687999714
152.04271615997519
151.82075455999848
151.75058479999058
151.82319247999038
152.0
152.0
152.16308480000959
152.41672064002387
155.28439999998704
154.56080000002316
153.87111743995766
152.99217024001123
151.98407807999095
150.56477023993466
149.13743360006572
148.98188767997186
146.13831679998384
144.8120000000281
144.27920000004315
143.91069792000073
143.13140736003783
141.7015343999874
140.13229440005117
137.52341471999804
134.3071107199216
132.61026560007548
130.87599199999224
129.54527360002945
128.49009008002352
127.6524825600241
127.30406016000539
126.57036000000708
125.51999999997952
124.92600095999646
124.71923423998582
124.79398463995965
124.81646015998834
124.96389888002558
124.64265215996333
119.0323660799858
118.37233647997166
113.07570304000684
113.00560095999361
111.42416000001371
111.09098288000413
105.9172000000085
103.01199999997652
103.0
102.86000000001923
98.7676097599468
97.40679999998179
96.59721216001068
96.53534111997965
96.46085568002577
96.5048015999842
96.60620352000471
96.97016063999463
96.6835328000193
95.93748895999471
90.20879999995873
90.03599999996027
87.28217664007394
87.10442160005191
86.07652399998635
84.57542624000675
83.1983628800741
83.26718912002202
83.47098367993036
84.69279999996252
83.78840000000878
83.32759999999553
83.37879919997904
78.08776880000491
75.46938496001279
77.53821183999752
78.68200000002389
79.69157791998383
80.03333887998225
79.94509679999469
78.60574272002057
77.2505702400323
76.1763993600245
76.24999423998672
76.31267455997586
73.41847999998875
74.0
73.1808000000085
72.94481200000807
72.98215840000182
73.0
73.7477004799582
73.78612975998854
72.9608513599965
76.68106496000699
77.96920560000373
77.96920560000373
78.00932687999413
78.341513279994
78.80028863998565
79.3630132799928
79.83720000000312
80.94599999996649
81.75959999995871
82.18279999998003
82.55720000000679
82.83978223998794
82.4702551999731
81.95895008002881
81.63852159998693
81.17237823995913
81.41391999996826
84.49639999997362
88.0
87.37697664002873
87.7018751999777
87.72522047995754
88.45958160001153
91.94710272002641
92.61472128001117
91.90159999998559
90.18445280000316
92.0
91.40832000000331
90.48840000000223
90.55920000002129
90.49195359999914
90.23786175998684
90.38980479996414
91.5084960000362
92.04978303998666
90.99800000000418
91.22999999999615
91.69799999999123
91.46092288001697
91.50400000000354
91.54360000000588
90.81768319993358
89.89821440001128
89.00480000001107
89.2668134328917
90.00701808797545
89.23787355976879
88.17151497440572
86.94213553681185
86.6233838171197
86.64768401933634
87.0796838313181
87.94170771955572
87.1583519223796
86.09358111139969
85.0037435250036
86.51476256299566
87.71752787906735
87.17590348806107
86.75759565641965
87.63474224586479
87.47234399047046
87.06074267984263
87.11186645822113
86.29119059130342
85.42498140306877
82.95251319091744
79.3818426705356
77.43910419860981
75.06989375668734
72.94723159473347
72.1406939824597
72.04525989952869
71.85995441475247
68.64947844581427
64.50320818272534
64.34289126903604
64.35383403306378
66.45434231779939
71.08151214285658
73.44173875032084
72.33250156663209
71.67268782842795
70.31203018722105
69.40104772386421
71.86626776867482
73.38941763801279
74.74124130232985
75.31260841453104
75.10711275468998
73.88440707645736
73.99430016593055
74.0
73.8162644440238
72.7703579139575
72.92862625651742
74.53875304625042
75.74737879338147
74.72241325834746
72.98336401534198
71.96702594445277
71.94709082273405
71.43183431446302
69.87984130032173
68.58077811498869
70.04552452871144
71.88027604527652
73.1766044861199
75.54231420077235
78.65310617045431
81.43366929315302
82.4892052227381
81.77968534789315
81.58447168243178
80.68376736505782
79.42944793737247
74.82008070746917
67.7360528534738
65.22079078609961
63.890905204925495
63.93230027396885
63.70359999999255
62.48413759999964
61.67719999997371
61.20484608000172
61.72147120000421
61.95786239997431
61.356469759987746
53.493490879983305
53.58731983996017
52.68979615999567
49.36399231997612
49.216400000018666
49.80058688000402
48.21559999999249
47.703600000005736
47.99241792001201
48.944538559998335
48.624319999997965
48.04194207997524
47.706125439953745
47.597600800028495
47.37452320001619
46.95669712003218
46.33659711998604
46.21514751998435
46.091745280012425
46.03170303996829
46.033520960004964
46.091977759983095
46.15613119998551
46.19959039999915
46.75880575999231
46.85920000000738
47.21559999997726
47.51799999998116
47.608000000009724
45.694800000013856
45.11587919999961
45.28719999998248
45.55720000001702
45.96760000000404
46.132295680000276
46.46400255997309
47.0
47.0
46.72627200001048
46.52019360001728
46.134692639976876
45.916610400031175
45.857515679979855
45.99794880001583
46.0958975999921
46.27462320000565
46.5332256000108
46.965593600004034
47.0
47.0
47.0
48.57620256003396
51.67680000001428
49.95905056001226
50.61720000002356
50.46240000000489
50.151200000019344
49.784000000017386
47.57251840000698
47.87040000000593
48.129599999991115
